0 0.227323 0.739937 0.025042 0.128650
0 0.590428 0.496843 0.028937 0.131807
0 0.587924 0.728493 0.031720 0.184688
0 0.587924 0.305446 0.028381 0.140489
1 0.190317 0.644436 0.057874 0.098658
1 0.241235 0.389503 0.057318 0.074980
1 0.301336 0.397790 0.052866 0.093133
1 0.244018 0.258090 0.051753 0.072612
1 0.467446 0.634175 0.043406 0.078137
1 0.464385 0.140095 0.070673 0.101815
1 0.466611 0.138911 0.049527 0.091555
1 0.501391 0.125493 0.069004 0.093133
1 0.249583 0.616417 0.057318 0.082084
1 0.622426 0.120758 0.062883 0.074191
1 0.624930 0.026835 0.060100 0.052092
1 0.786589 0.393449 0.059544 0.098658
1 0.920423 0.054854 0.073456 0.093923
1 0.831386 0.784530 0.067891 0.096290
1 0.831942 0.930545 0.075682 0.119968
1 0.971898 0.245856 0.056205 0.114444
