1 0.168702 0.181492 0.032061 0.030129
1 0.387023 0.205882 0.038168 0.032999
1 0.335878 0.238164 0.042748 0.034433
1 0.363359 0.361549 0.045802 0.034433
1 0.419084 0.238881 0.035115 0.030129
1 0.509160 0.147776 0.029008 0.028694
1 0.416031 0.142037 0.047328 0.031564
0 0.077099 0.257532 0.019847 0.041607
0 0.079389 0.298422 0.021374 0.040172
0 0.135878 0.204448 0.048855 0.015782
0 0.183969 0.138451 0.016794 0.050215
0 0.183206 0.083214 0.021374 0.057389
0 0.226718 0.041607 0.059542 0.017217
0 0.469466 0.040172 0.062595 0.020086
0 0.135878 0.351506 0.048855 0.014347
0 0.260305 0.351506 0.050382 0.014347
0 0.461069 0.349354 0.064122 0.021521
0 0.539695 0.302726 0.019847 0.031564
1 0.350382 0.900287 0.041221 0.038737
1 0.300000 0.775466 0.038168 0.032999
1 0.254198 0.679340 0.035115 0.038737
1 0.249618 0.644189 0.041221 0.034433
1 0.284733 0.599713 0.035115 0.025825
1 0.301527 0.565997 0.038168 0.035868
1 0.416794 0.678623 0.036641 0.040172
1 0.377863 0.776184 0.038168 0.034433
1 0.484733 0.753228 0.032061 0.037303
1 0.472519 0.836442 0.032061 0.031564
1 0.545802 0.711621 0.050382 0.037303
1 0.650382 0.606169 0.036641 0.030129
1 0.722137 0.606169 0.039695 0.030129
1 0.726718 0.634864 0.039695 0.032999
0 0.127481 0.885222 0.044275 0.028694
0 0.254198 0.885940 0.050382 0.018651
0 0.231298 0.578192 0.035115 0.022956
0 0.356489 0.579627 0.056489 0.020086
0 0.458779 0.580344 0.065649 0.015782
0 0.531298 0.835007 0.015267 0.054519
0 0.438931 0.886657 0.044275 0.020086
0 0.875573 0.755380 0.022901 0.032999
0 0.874809 0.688666 0.030534 0.034433
0 0.871756 0.614778 0.018321 0.038737
0 0.877863 0.552367 0.027481 0.031564
