0 0.026051 0.325718 0.044790 0.171018
0 0.028336 0.552219 0.031079 0.154047
0 0.023766 0.757180 0.032907 0.127937
0 0.461609 0.157963 0.180987 0.031332
0 0.686472 0.154047 0.113346 0.039164
0 0.824040 0.723238 0.035649 0.250653
0 0.825411 0.961488 0.031079 0.077023
1 0.244059 0.438642 0.067642 0.060052
1 0.347806 0.458877 0.068556 0.074413
1 0.341408 0.142950 0.063071 0.082245
1 0.672761 0.491514 0.093236 0.069191
1 0.346892 0.831593 0.070384 0.078329
1 0.342779 0.912533 0.067642 0.067885
1 0.316271 0.747389 0.029250 0.071802
1 0.019196 0.941253 0.036563 0.088773
