1 0.058196 0.397493 0.058196 0.072271
1 0.290495 0.396018 0.047527 0.081121
1 0.304074 0.778761 0.055286 0.088496
1 0.396217 0.645280 0.057226 0.092920
1 0.394762 0.777286 0.060136 0.106195
1 0.587294 0.635693 0.045587 0.073746
1 0.645005 0.634218 0.054316 0.079646
1 0.719205 0.803097 0.030068 0.072271
1 0.811833 0.747788 0.050436 0.073746
1 0.851115 0.642330 0.039767 0.084071
1 0.340446 0.399705 0.046557 0.061947
1 0.433075 0.199115 0.055286 0.079646
1 0.848691 0.412242 0.048497 0.092920
1 0.876334 0.521386 0.055286 0.063422
1 0.419496 0.477139 0.055286 0.078171
0 0.131426 0.511799 0.107662 0.041298
0 0.515034 0.875369 0.095053 0.039823
0 0.669738 0.872419 0.086324 0.045723
0 0.776431 0.870944 0.057226 0.033923
0 0.875849 0.873156 0.091174 0.041298
0 0.974782 0.503687 0.021339 0.072271
0 0.878758 0.130531 0.096993 0.042773
0 0.642095 0.133481 0.207565 0.045723
0 0.486421 0.223451 0.070805 0.030973
0 0.530553 0.174041 0.025218 0.070796
0 0.225994 0.308997 0.023278 0.089971
