1 0.242063 0.236486 0.067460 0.083012
1 0.563492 0.234556 0.055556 0.067568
1 0.561508 0.454633 0.063492 0.079151
1 0.609127 0.405405 0.051587 0.046332
1 0.690476 0.374517 0.071429 0.057915
1 0.738095 0.283784 0.071429 0.054054
1 0.539683 0.554054 0.087302 0.069498
1 0.682540 0.504826 0.051587 0.044402
1 0.682540 0.448842 0.051587 0.048263
1 0.819444 0.402510 0.063492 0.075290
1 0.941468 0.583012 0.049603 0.046332
1 0.679563 0.938224 0.077381 0.081081
1 0.773810 0.944015 0.075397 0.077220
1 0.691468 0.815637 0.065476 0.079151
0 0.274802 0.529923 0.355159 0.055985
0 0.055556 0.171815 0.059524 0.115830
0 0.434524 0.047297 0.123016 0.044402
0 0.606151 0.045367 0.128968 0.055985
0 0.776786 0.053089 0.117063 0.055985
0 0.920635 0.352317 0.047619 0.059846
0 0.920635 0.462355 0.043651 0.059846
0 0.585317 0.696911 0.031746 0.185328
