0 0.225376 0.745067 0.026711 0.127861
0 0.590150 0.733623 0.027268 0.188635
0 0.589594 0.498027 0.029494 0.121547
0 0.590150 0.304262 0.028381 0.136543
1 0.249026 0.609708 0.068447 0.078137
1 0.297997 0.402526 0.060657 0.083662
1 0.239288 0.392660 0.050083 0.068666
1 0.241235 0.256117 0.053979 0.081294
1 0.468280 0.142068 0.066221 0.091555
1 0.469115 0.139700 0.052309 0.072612
1 0.502226 0.123915 0.061770 0.108919
1 0.679744 0.093133 0.052866 0.078927
1 0.618809 0.123520 0.064552 0.073402
1 0.616861 0.028414 0.056205 0.055249
1 0.785198 0.387924 0.062326 0.108129
1 0.834725 0.783741 0.055648 0.083662
1 0.834168 0.932912 0.074569 0.116811
1 0.971341 0.241910 0.057318 0.084451
1 0.917641 0.055643 0.075682 0.095501
1 0.467724 0.634175 0.047301 0.071823
