0 0.368298 0.665326 0.029526 0.038616
0 0.154623 0.108206 0.069930 0.016895
0 0.342269 0.474256 0.123543 0.018504
0 0.453380 0.191874 0.028749 0.110217
0 0.556333 0.296058 0.026418 0.070796
0 0.685315 0.477876 0.062160 0.019308
0 0.935509 0.288013 0.026418 0.101368
1 0.096737 0.352776 0.048951 0.058729
1 0.209790 0.341110 0.037296 0.032180
1 0.290598 0.164119 0.043512 0.041834
1 0.157343 0.291633 0.041181 0.041030
1 0.092463 0.399437 0.046620 0.044248
1 0.599845 0.353982 0.035742 0.037007
1 0.776612 0.232904 0.038073 0.031376
1 0.696581 0.232100 0.033411 0.029767
1 0.710567 0.338697 0.038073 0.041834
1 0.748640 0.353580 0.055167 0.037812
1 0.785548 0.344730 0.045066 0.045857
1 0.566045 0.401046 0.044289 0.036203
1 0.559441 0.427595 0.045066 0.032985
1 0.452991 0.752212 0.038850 0.032180
1 0.448718 0.808528 0.044289 0.043443
