1 0.455711 0.752212 0.038073 0.037007
1 0.455322 0.812550 0.037296 0.043443
1 0.096348 0.352776 0.051282 0.055511
1 0.156566 0.291231 0.044289 0.038616
1 0.205905 0.352776 0.041958 0.057120
1 0.093629 0.399035 0.041181 0.045052
1 0.290598 0.166935 0.041958 0.053902
1 0.696581 0.230893 0.036519 0.027353
1 0.774281 0.236927 0.042735 0.042639
1 0.597514 0.355591 0.046620 0.040225
1 0.566822 0.397828 0.038073 0.034594
1 0.569930 0.430813 0.034965 0.026549
1 0.784771 0.351569 0.051282 0.059533
1 0.710956 0.337088 0.046620 0.032180
1 0.653458 0.348351 0.055944 0.056315
0 0.347319 0.474658 0.149184 0.030571
0 0.452991 0.191472 0.041958 0.119067
0 0.155789 0.106999 0.070707 0.028962
0 0.558275 0.293242 0.025641 0.074819
0 0.685703 0.479485 0.067599 0.027353
0 0.371795 0.665728 0.039627 0.045857
0 0.938228 0.289220 0.022533 0.102172
